0,430
0,429
0,428
0,427
0,426
0,425
0,424
0,423
0,422
0,421
0,420
0,419
0,418
0,417
0,416
51,3
51,2
0,415
51,1
51,0
0,414
0,413
0,412
0,411
50,5
0,410
0,409
0,408
0,407
50,4
0,406
0,405
0,404
50,3
50,2
50,1
50,0
49,4
49,3
49,2
49,1
49,0
48,4
48,3
48,2
48,1
48,0
0,403
47,4
47,3
47,2
47,1
47,0
0,402
0,401
0,400
0,399
0,398
0,397
0,396
0,278
0,9
0,395
0,394
0,393
0,386
46,35
3,2
3,1
3,3
10,188
10,98
10,248
10,34
10,288
10,314
10,312
10,214
10,2
10,3
11,4
11,16
9,7
9,6
9,4
9,2
9,3
8,18
8,12
8,17
8,13
8,4
